zettelkasten: 103.62080000000002
antinet: 102.05960000000006
luhmann: 81.82550000000005
system: 71.21220000000004
knowledge: 68.47120000000001
notes: 62.253499999999995
antinet zettelkasten: 58.547300000000014
analog: 45.85820000000001
systems: 39.573099999999975
note: 33.627900000000004
thoughts: 33.06840000000001
tree: 32.77959999999999
structure: 32.71399999999999
process: 32.4898
work: 28.769299999999998
com: 28.433800000000005
books: 28.160800000000002
book: 27.618399999999998
material: 27.072600000000005
idea: 26.4753
research: 23.2394
communication: 22.039499999999997
way: 21.518700000000003
tion: 21.4226
search: 21.352700000000002
