cognitive load: 98.4626
information: 89.94870000000003
learning: 76.07470000000005
memory: 60.75600000000001
effect: 58.37540000000003
problem: 57.75269999999999
elements: 42.98529999999998
task: 40.7728
tasks: 36.886900000000004
problems: 35.2234
effects: 34.6082
strategy: 34.59910000000001
element interactivity: 34.3277
test: 31.7413
et: 30.405999999999995
format: 29.040200000000002
text: 27.91050000000001
et al: 25.843400000000003
levels: 24.638400000000008
conditions: 24.089
resources: 23.832
studies: 23.5374
results: 22.558200000000003
instruction: 21.848599999999994
goal: 21.2714
time: 20.480800000000002
procedure: 19.6814
example: 19.5567
al: 19.5133
theory: 18.503699999999995
material: 18.484099999999998
strategies: 18.1985
condition: 18.0149
instructions: 17.3253
examples: 17.1937
